<div>
                            <a href="https://porn3dx.com/VReal18K" target="_blank">
                                <button type="button"
                                    class="btn mb-2 mb-md-0 btn-tertiary btn-block btn-round"><span>Pornhub</span>
                                    <div class="icon icon-round d-flex align-items-center justify-content-center">
                                        <svg xmlns="http://www.w3.org/2000/svg" x="0px" y="0px" width="65%" height="65%"
                                            viewBox="0,0,256,256">
                                            <g fill="#d9af4b" fill-rule="nonzero" stroke="none" stroke-width="1"
                                                stroke-linecap="butt" stroke-linejoin="miter" stroke-miterlimit="10"
                                                stroke-dasharray="" stroke-dashoffset="0" font-family="none"
                                                font-weight="none" font-size="none" text-anchor="none"
                                                style="mix-blend-mode: normal">
                                                <g transform="scale(5.12,5.12)">
                                                    <path
                                                        d="M6,5.52539v12.72266v0.00195h2.57031v-4.80078h1.67383c1.163,0 2.05201,-0.06064 2.66602,-0.18164c0.451,-0.098 0.89503,-0.29951 1.33203,-0.60352c0.436,-0.303 0.79708,-0.72091 1.08008,-1.25391c0.284,-0.533 0.42578,-1.1887 0.42578,-1.9707c0,-1.012 -0.24628,-1.83656 -0.73828,-2.47656c-0.492,-0.64 -1.10208,-1.05509 -1.83008,-1.24609c-0.475,-0.127 -1.49464,-0.19141 -3.05664,-0.19141zM8.57031,7.67773h1.24023c0.925,0 1.54161,0.02794 1.84961,0.08594c0.416,0.075 0.75925,0.26445 1.03125,0.56445c0.273,0.301 0.4082,0.68348 0.4082,1.14648c0,0.376 -0.09606,0.70528 -0.28906,0.98828c-0.194,0.284 -0.46073,0.492 -0.80274,0.625c-0.342,0.134 -1.01825,0.19922 -2.03125,0.19922h-1.40625zM22.02344,8.82227c-0.903,0 -1.72012,0.20061 -2.45313,0.59961c-0.732,0.399 -1.29727,0.97833 -1.69727,1.73633c-0.399,0.758 -0.59766,1.54156 -0.59766,2.35156c0,1.059 0.19961,1.95631 0.59961,2.69531c0.4,0.737 0.982,1.29769 1.75,1.67969c0.766,0.382 1.57102,0.57227 2.41602,0.57227c1.366,0 2.49844,-0.457 3.39844,-1.375c0.9,-0.918 1.34961,-2.07375 1.34961,-3.46875c0,-1.382 -0.44689,-2.52564 -1.33789,-3.43164c-0.891,-0.906 -2.03373,-1.35938 -3.42773,-1.35938zM32.96094,8.82227c-0.394,0 -0.74569,0.09792 -1.05469,0.29492c-0.31,0.197 -0.65887,0.60561 -1.04687,1.22461v-1.31055h-2.26562v9.2168h2.4375v-2.84766c0,-1.568 0.06908,-2.59784 0.20508,-3.08984c0.136,-0.492 0.32355,-0.83153 0.56055,-1.01953c0.238,-0.188 0.52519,-0.28125 0.86719,-0.28125c0.353,0 0.73548,0.13244 1.14648,0.39844l0.75586,-2.12695c-0.515,-0.306 -1.05047,-0.45898 -1.60547,-0.45898zM40.90234,8.82227c-1.221,0 -2.23406,0.5215 -3.03906,1.5625v-1.35352h-2.26367v9.2168h2.4375v-4.17383c0,-1.03 0.0635,-1.73714 0.1875,-2.11914c0.124,-0.382 0.35445,-0.68792 0.68945,-0.91992c0.336,-0.231 0.71567,-0.3457 1.13867,-0.3457c0.33,0 0.6117,0.08019 0.8457,0.24219c0.235,0.162 0.40286,0.38964 0.50586,0.68164c0.104,0.293 0.1582,0.93664 0.1582,1.93164v4.70313h2.4375v-5.72656c0,-0.712 -0.04481,-1.25862 -0.13281,-1.64062c-0.09,-0.381 -0.24952,-0.72439 -0.47852,-1.02539c-0.229,-0.301 -0.56572,-0.54819 -1.01172,-0.74219c-0.445,-0.194 -0.93661,-0.29102 -1.47461,-0.29102zM22.03125,10.81055c0.637,0 1.17056,0.24252 1.60156,0.72851c0.432,0.486 0.64648,1.18003 0.64648,2.08203c0,0.926 -0.21448,1.63314 -0.64648,2.11914c-0.43,0.486 -0.96456,0.72852 -1.60156,0.72852c-0.636,0 -1.17147,-0.24152 -1.60547,-0.72852c-0.435,-0.486 -0.65039,-1.18561 -0.65039,-2.09961c0,-0.914 0.21539,-1.61456 0.65039,-2.10156c0.434,-0.486 0.96947,-0.72851 1.60547,-0.72851zM7.12109,21c-1.15978,0 -2.12109,0.96131 -2.12109,2.12109v19.75781c0,1.15978 0.96131,2.12109 2.12109,2.12109h35.75781c1.15978,0 2.12109,-0.96313 2.12109,-2.12305v-19.75586c0,-1.15978 -0.96313,-2.12109 -2.12305,-2.12109zM7.12109,23h35.75586c0.08208,0 0.12305,0.04088 0.12305,0.12109v19.75586c0,0.08208 -0.04088,0.12305 -0.12109,0.12305h-35.75781c-0.08022,0 -0.12109,-0.04088 -0.12109,-0.12109v-19.75781c0,-0.08021 0.04088,-0.12109 0.12109,-0.12109zM12.12695,26.59766v11.31055h2.16797v-4.10352c0,-0.689 0.06527,-1.2105 0.19727,-1.5625c0.131,-0.353 0.33809,-0.61602 0.62109,-0.79102c0.283,-0.175 0.60484,-0.26367 0.96484,-0.26367c0.313,0 0.5742,0.06908 0.7832,0.20508c0.208,0.136 0.35355,0.32173 0.43555,0.55273c0.082,0.231 0.125,0.77577 0.125,1.63477v4.33008h2.16797v-4.80859c0,-0.735 -0.03733,-1.27695 -0.11133,-1.62695c-0.075,-0.35 -0.21497,-0.66903 -0.41797,-0.95703c-0.203,-0.288 -0.50525,-0.52494 -0.90625,-0.71094c-0.402,-0.185 -0.85256,-0.27734 -1.35156,-0.27734c-0.972,0 -1.80781,0.40856 -2.50781,1.22656v-4.1582zM31.34961,26.59766v11.31055h2.01367v-1.20312c0.329,0.458 0.72078,0.80311 1.17578,1.03711c0.456,0.234 0.91772,0.35156 1.38672,0.35156c0.951,0 1.76174,-0.37681 2.42773,-1.13281c0.666,-0.756 0.99805,-1.83537 0.99805,-3.23438c0,-1.353 -0.32451,-2.39128 -0.97852,-3.11328c-0.654,-0.722 -1.48052,-1.08398 -2.47852,-1.08398c-0.916,0 -1.70795,0.38158 -2.37695,1.14258v-4.07422zM21.74219,29.71484v5.18555c0,0.771 0.09892,1.3755 0.29492,1.8125c0.195,0.438 0.51027,0.77753 0.94727,1.01953c0.437,0.242 0.93142,0.36328 1.48242,0.36328c0.54,0 1.05206,-0.12691 1.53906,-0.37891c0.487,-0.252 0.87974,-0.5952 1.17773,-1.0332v1.22656h2.01563v-8.19531h-2.16992v3.45703c0,1.173 -0.05411,1.90994 -0.16211,2.21094c-0.108,0.3 -0.30856,0.55286 -0.60156,0.75586c-0.293,0.203 -0.62414,0.30469 -0.99414,0.30469c-0.324,0 -0.59173,-0.07456 -0.80273,-0.22656c-0.211,-0.152 -0.3575,-0.35719 -0.4375,-0.61719c-0.08,-0.26 -0.11914,-0.96614 -0.11914,-2.11914v-3.76562zM35.31641,31.1875c0.53,0 0.96274,0.20709 1.30273,0.62109c0.34,0.414 0.51172,1.08939 0.51172,2.02539c0,0.88 -0.17081,1.52459 -0.50781,1.93359c-0.337,0.409 -0.74366,0.61328 -1.22266,0.61328c-0.622,0 -1.12205,-0.28728 -1.49805,-0.86328c-0.267,-0.406 -0.39844,-1.03381 -0.39844,-1.88281c0,-0.822 0.17063,-1.4378 0.51563,-1.8418c0.345,-0.404 0.77587,-0.60547 1.29688,-0.60547z">
                                                    </path>
                                                </g>
                                            </g>
                                        </svg>
                                    </div>
                                </button>
                            </a>
                        </div>